24
827 825 823 816 815 741 800 749 727 725 726 725 720 721 717 720 720 721 721 723 715 711 711 713 713 713 714 711 717 724 715 716 717 714 723 720 724 713 735 750 753 746 807 818 817 830 828 820 824
821 822 829 785 785 770 731 746 738 727 725 729 731 724 718 715 719 724 721 717 712 711 703 712 713 712 695 717 708 718 723 716 718 722 712 722 722 721 734 757 746 736 800 807 819 825 828 828 826
832 815 805 796 798 728 760 729 722 724 719 726 738 723 721 718 717 718 711 723 694 689 684 695 712 695 673 658 690 724 712 728 719 712 721 719 732 730 725 733 732 730 782 794 787 829 833 830 815
807 794 800 719 719 712 718 719 710 708 711 720 711 718 721 713 700 715 691 671 671 653 658 667 662 667 639 645 662 681 721 717 704 720 708 714 720 702 712 707 714 720 765 758 777 795 810 789 802
795 769 728 713 712 706 697 705 712 703 703 710 711 707 709 679 677 662 665 661 644 632 632 631 627 631 628 616 642 650 650 698 678 649 700 697 705 701 702 704 704 710 745 740 711 786 792 787 790
726 751 761 724 724 717 691 703 703 699 702 694 710 686 683 647 647 649 641 634 628 613 617 615 604 615 621 623 628 637 637 650 646 636 646 679 704 700 693 703 704 704 725 720 732 719 795 795 770
765 738 732 720 721 723 702 704 718 705 702 674 662 663 645 626 626 620 621 621 614 607 613 608 615 608 621 626 620 621 608 637 625 607 636 660 684 649 691 705 703 701 713 713 719 741 767 728 747
731 732 717 691 692 713 714 704 700 702 699 657 652 639 628 606 613 610 610 592 608 620 609 602 605 602 621 616 612 600 615 608 616 614 618 654 675 690 687 701 700 693 710 707 690 728 729 719 723
717 724 713 707 718 701 704 685 690 690 692 637 637 621 612 605 609 613 616 619 608 602 602 582 588 582 603 603 601 600 617 614 613 613 613 634 658 650 672 694 686 674 700 700 713 699 722 721 717
727 720 728 717 689 685 691 662 613 684 660 615 622 604 591 608 607 617 616 646 592 584 575 547 555 547 583 590 589 600 607 616 612 617 605 611 616 614 636 663 655 651 685 697 698 721 721 715 713
714 711 714 688 682 611 675 625 600 607 628 612 608 600 590 596 600 610 605 592 572 539 540 512 500 512 555 576 563 579 583 606 601 607 576 599 604 605 611 608 620 626 675 675 682 692 706 712 705
691 696 692 680 613 597 601 605 571 594 588 603 606 592 588 578 580 591 574 579 535 497 512 484 481 484 522 500 528 534 569 582 585 581 598 589 599 591 594 589 591 603 659 656 646 691 692 689 695
685 687 685 612 674 607 587 586 597 565 583 594 596 577 569 533 544 575 539 502 510 502 498 479 473 479 495 491 496 489 493 568 546 567 569 581 589 598 584 577 582 583 637 639 640 618 684 684 682
686 680 686 673 599 594 597 582 568 591 572 580 580 552 525 489 511 501 502 489 486 495 489 471 483 471 489 494 482 468 483 492 513 491 563 550 570 572 574 582 573 569 614 620 632 679 677 673 674
670 651 671 598 586 573 584 560 561 562 569 544 564 516 480 483 487 487 486 460 476 470 472 454 458 454 478 484 473 468 485 482 486 482 486 517 526 558 549 562 560 553 597 595 588 602 630 665 640
596 616 597 585 557 566 561 551 492 555 534 510 490 487 459 479 479 487 477 492 456 452 443 416 423 416 462 458 461 468 475 484 480 485 473 481 484 482 520 538 536 543 581 572 566 589 589 583 609
582 590 582 556 583 566 555 532 554 486 529 484 476 470 458 464 468 478 470 460 437 407 408 380 368 380 423 444 431 447 451 474 469 475 444 469 477 473 499 509 523 521 563 562 562 560 583 580 579
592 585 593 582 554 550 556 536 478 548 502 478 486 464 456 446 453 459 442 447 401 365 377 349 349 349 390 368 397 402 438 450 453 449 466 462 474 469 485 524 502 501 554 555 559 586 582 576 576
583 576 579 553 543 526 540 500 484 472 493 469 473 456 437 433 418 443 407 370 377 360 364 347 330 347 363 359 367 363 394 436 414 435 437 456 478 466 472 474 486 479 535 548 544 557 586 573 566
556 562 557 545 546 475 466 471 464 459 453 455 450 433 434 363 385 369 370 357 356 368 362 340 362 340 357 362 351 350 360 360 381 359 436 434 449 443 452 460 455 469 529 518 541 550 555 550 556
550 553 550 477 477 461 452 457 435 430 450 446 444 427 365 349 360 355 355 328 349 358 351 336 330 336 346 352 343 321 350 350 355 350 363 424 442 438 443 431 450 450 508 514 470 479 550 545 543
555 547 552 538 538 471 462 460 467 462 443 439 445 410 426 359 372 365 358 360 337 328 332 295 317 295 330 326 330 350 358 358 368 357 424 405 433 427 433 460 439 439 488 485 531 544 541 534 535
539 518 536 463 463 510 501 454 443 438 440 409 429 390 351 400 363 407 353 338 316 312 292 261 240 261 289 312 308 323 397 397 358 396 347 385 426 420 415 427 436 417 462 476 454 467 534 527 501
465 483 462 450 450 435 426 428 425 420 403 375 355 353 338 323 349 329 327 321 280 238 258 205 227 205 256 230 273 311 321 321 344 320 338 349 343 337 381 421 399 413 456 437 445 458 451 444 470
451 456 447 421 421 429 420 409 356 351 396 349 341 340 309 317 326 323 312 248 264 224 232 201 150 201 230 227 257 240 315 315 319 315 305 333 340 334 365 350 394 406 441 432 412 425 447 441 444
456 470 458 453 453 440 444 412 418 418 398 373 351 353 346 333 346 334 327 320 272 235 244 204 227 204 257 234 271 304 325 334 334 324 334 342 341 341 379 411 395 411 456 435 441 447 449 448 471
462 508 535 462 462 502 432 448 435 426 430 406 428 383 346 365 364 405 353 333 306 274 275 250 235 250 289 311 303 312 389 329 357 389 346 377 391 418 412 425 429 415 460 474 453 455 495 525 503
539 530 547 539 539 467 494 453 465 446 439 437 440 407 389 381 372 369 363 358 332 318 313 283 290 283 326 323 327 337 352 392 360 351 423 398 431 430 433 452 439 435 484 483 530 467 538 537 535
551 549 550 476 476 461 459 462 436 446 446 446 444 420 396 357 363 355 360 360 351 349 344 322 324 322 342 346 339 337 348 355 358 348 361 421 440 436 442 441 447 446 505 510 468 544 547 543 544
551 558 561 539 539 472 453 458 465 447 453 457 455 434 400 355 379 366 375 357 359 365 356 339 352 339 355 357 348 335 356 351 366 355 425 428 446 445 450 449 452 466 529 515 532 480 554 552 556
562 570 578 552 552 549 464 491 476 467 474 469 472 451 441 399 410 443 406 369 376 356 361 348 342 348 362 363 362 355 433 359 396 432 438 452 462 467 470 467 479 477 533 550 545 545 569 574 568
583 581 589 581 581 561 541 512 549 508 496 476 482 467 458 444 447 455 442 446 399 363 375 353 350 353 391 367 395 400 445 436 430 444 467 460 476 472 483 522 498 494 554 555 574 559 584 579 576
593 587 582 558 558 564 553 541 490 515 514 481 476 475 473 464 468 481 470 458 436 407 407 380 368 380 422 444 429 443 466 446 456 466 440 468 478 469 495 506 518 516 566 565 547 588 584 576 579
583 589 594 585 585 575 556 548 560 521 529 481 487 478 475 480 478 485 480 496 458 451 446 415 423 415 450 456 455 467 477 469 467 478 469 477 480 476 507 528 531 537 582 570 576 559 586 583 579
594 622 612 614 597 593 567 571 567 552 545 526 526 506 480 482 484 487 483 479 477 482 477 450 455 450 468 468 467 469 481 480 478 478 478 503 522 519 538 560 553 549 594 597 588 588 628 626 622
671 660 671 598 670 603 585 585 596 564 569 571 565 543 524 488 498 489 485 462 484 498 489 471 473 471 485 480 478 467 489 482 485 484 482 542 565 554 566 572 571 563 612 616 627 600 672 661 667
683 680 683 671 611 596 595 594 602 592 585 579 577 569 569 532 527 500 503 491 489 489 494 477 486 477 489 491 492 487 566 490 513 489 559 559 582 566 573 582 576 577 631 632 634 675 680 673 671
686 688 686 614 681 607 588 599 599 599 595 592 596 587 588 577 562 577 540 503 516 496 508 485 474 485 496 497 514 532 578 567 544 566 571 586 598 589 585 575 585 591 653 647 635 615 688 679 680
697 699 698 683 689 684 599 622 611 596 601 603 603 596 589 597 594 589 576 580 549 540 540 500 497 500 525 501 547 576 599 579 581 578 601 593 606 600 599 598 601 614 666 668 674 680 703 688 692
716 713 716 690 718 675 676 642 664 608 621 611 610 604 592 613 608 615 603 592 589 584 579 538 531 538 556 578 574 600 606 600 594 600 574 608 612 603 621 632 638 638 679 688 695 690 717 710 704
726 720 727 719 677 661 667 660 635 660 633 627 621 619 613 615 617 619 611 625 604 613 605 574 586 574 593 590 597 602 614 606 606 605 603 625 654 610 652 686 672 664 695 695 696 719 719 715 712
718 724 720 677 719 671 653 660 667 631 651 643 651 635 627 621 623 622 619 595 614 618 615 603 606 603 606 613 607 600 622 615 614 615 615 659 697 687 681 699 697 684 710 702 695 694 721 712 715
728 725 729 720 715 709 663 679 676 663 655 675 658 661 641 632 633 633 626 624 616 614 614 610 619 610 620 617 623 620 684 623 641 622 684 684 706 699 699 707 701 698 727 720 715 717 757 719 738
728 741 729 717 724 717 696 691 719 672 682 688 716 675 675 644 643 646 642 636 626 612 614 617 607 617 627 630 643 661 698 689 670 683 699 705 708 704 701 698 703 709 749 748 751 735 797 784 768
770 757 765 725 731 720 704 705 696 713 690 694 690 684 671 646 658 658 657 655 639 617 625 624 627 624 650 634 666 697 697 703 702 700 720 706 715 696 705 704 713 714 772 779 780 790 818 802 795
778 779 774 756 756 727 719 715 690 686 708 684 676 679 677 678 671 681 673 666 656 648 640 648 638 648 671 687 688 692 718 718 710 724 696 710 702 695 711 738 721 730 792 798 807 819 809 801 807
794 798 793 777 776 742 734 729 730 726 712 695 687 687 674 682 682 685 679 694 670 657 667 670 681 670 701 694 705 725 709 710 713 710 708 708 719 713 727 723 749 749 804 810 808 818 824 819 811
826 815 827 791 791 778 771 752 730 726 742 718 724 707 686 683 688 688 686 661 683 696 684 698 693 698 709 723 713 712 709 710 711 710 710 725 714 709 752 788 769 761 811 812 815 825 819 815 820
828 827 827 791 791 778 770 762 778 775 750 733 743 720 728 694 691 699 684 690 686 700 698 707 722 707 716 710 714 714 709 717 711 709 708 730 791 784 769 796 792 769 812 814 814 828 827 827 821
